inst/dem/dem_rendena.asc
NCOLS 320 
NROWS 361 
XLLCORNER 618410.159 
YLLCORNER 5088785.286 
CELLSIZE 100 
NODATA_value -9999 
[rows 27 to 53 of 361, columns 183 to 243 of 320]
2571.850098 2551.23999 2512.350098 2476.02002 2431.389893 2373.649902 2330.189941 2311.679932 2284.679932 2216.469971 2145.280029 2066.959961 2012.97998 2002.719971 1976.310059 1944.130005 1912.23999 1881.030029 1856.189941 1842.47998 1846.98999 1859.709961 1841.569946 1775.900024 1736.560059 1709.189941 1684.339966 1666.939941 1651.599976 1637.349976 1628.719971 1627.180054 1631.140015 1631.849976 1630.380005 1636.430054 1639.75 1630.219971 1626.869995 1633.920044 1650.050049 1670.22998 1688.189941 1711.52002 1716.599976 1703.27002 1694.47998 1662.630005 1641.160034 1640.209961 1661.579956 1666.97998 1666.530029 1670.959961 1676.910034 1689.560059 1702.349976 -9999 -9999 -9999 -9999
2530.929932 2495.449951 2451.159912 2431.429932 2407.040039 2377.01001 2361.350098 2334.909912 2293.48999 2222.370117 2157.800049 2079.719971 1999.5 1952.050049 1926.819946 1909.130005 1909.130005 1901.569946 1880.930054 1885.949951 1907.030029 1909.459961 1862.359985 1797.569946 1764.829956 1735.680054 1710.390015 1692.949951 1670.160034 1647.050049 1630.72998 1624.780029 1625.609985 1624.439941 1622.390015 1623.619995 1614.869995 1605.910034 1601.97998 1600.839966 1614.150024 1639.01001 1659.630005 1673.52002 1671.719971 1669.209961 1662.949951 1654.180054 1632.819946 1643.709961 1668.660034 1679.619995 1690.51001 1694.449951 1696.400024 1703.540039 1733.060059 1734.800049 -9999 -9999 -9999
2488.159912 2446.560059 2384.530029 2356.310059 2361.280029 2340.060059 2337.870117 2320.590088 2283.360107 2239.149902 2194.850098 2090.459961 2014.22998 1950.439941 1918.5 1920.869995 1930.920044 1926.800049 1911.410034 1931.420044 1968.630005 1975.109985 1915.550049 1845.02002 1807.300049 1780.319946 1755.219971 1722.930054 1685.160034 1658.199951 1645.930054 1632.939941 1623.109985 1620.98999 1618.560059 1619.170044 1610.51001 1588.430054 1579.359985 1576.030029 1586.420044 1604.189941 1625.079956 1633.569946 1633.839966 1633.140015 1635.400024 1635.949951 1621.689941 1648.319946 1672.109985 1694.349976 1718.02002 1721.609985 1726.380005 1728.400024 1762.640015 1758.76001 -9999 -9999 -9999
2437.469971 2388.649902 2345.77002 2337.870117 2337.870117 2337.870117 2340.550049 2321.290039 2280.550049 2236.909912 2193.040039 2120.669922 2041.030029 1973.880005 1933.650024 1936.77002 1939.390015 1942.27002 1951.119995 1993.660034 2052.969971 2058.080078 1985.26001 1905.329956 1864.02002 1829.599976 1808.699951 1782.439941 1733.780029 1696.619995 1680.599976 1669.349976 1642.72998 1633.560059 1633.420044 1613.51001 1600.829956 1581.670044 1567.099976 1561.640015 1562.189941 1580.319946 1590 1599.810059 1613.430054 1620.400024 1620.670044 1608.869995 1634.890015 1670.300049 1701.560059 1717.630005 1744.030029 1749.819946 1759.25 1762.910034 1769.790039 -9999 -9999 -9999 -9999
2423.969971 2396.23999 2388.669922 2389.360107 2356.820068 2343.330078 2348.070068 2312.810059 2259.02002 2208.77002 2178.580078 2145.389893 2106.600098 2039.119995 1989.77002 1969.640015 1966.01001 1972.890015 1998.900024 2042.680054 2124.719971 2120.179932 2033.290039 1968.27002 1932.540039 1891.150024 1875.930054 1859.109985 1799.930054 1740.709961 1717.530029 1703.369995 1676.920044 1658.609985 1667.859985 1646.140015 1615.48999 1589.329956 1561.530029 1550.670044 1546.219971 1554.699951 1563.199951 1579.310059 1597.310059 1605.5 1599.540039 1627.26001 1656.27002 1689.119995 1716.890015 1736.5 1758.709961 1763.939941 1771.890015 1777.26001 1771 -9999 -9999 -9999 -9999
2442.73999 2436.429932 2429.040039 2426.01001 2392.23999 2365.530029 2365.860107 2327.98999 2261.409912 2200.51001 2158.550049 2147.97998 2118.699951 2094.439941 2053.189941 2015.900024 2012.530029 2027.349976 2067.27002 2120.070068 2182.060059 2163.73999 2075.689941 2045.689941 2012.910034 1958.089966 1944.189941 1909.75 1847.630005 1776.560059 1748.199951 1731.430054 1703.859985 1682.300049 1702.369995 1691.420044 1649.349976 1606.780029 1566.040039 1544.51001 1533.01001 1535.339966 1542.469971 1564.329956 1581.849976 1581.77002 1606.939941 1642.569946 1680.810059 1706.280029 1730.060059 1750.75 1770.640015 1767.72998 1778.439941 1793.369995 1790.030029 -9999 -9999 -9999 -9999
2484.719971 2477.860107 2467.449951 2458.530029 2425.969971 2398.72998 2387.949951 2338.030029 2292.909912 2248.139893 2191.570068 2176.620117 2150.100098 2119.969971 2078.330078 2064.810059 2072.48999 2099.830078 2144.600098 2190.070068 2242.379883 2207.300049 2156.449951 2126.909912 2065.26001 2037.98999 1999.359985 1944.150024 1872.51001 1803.109985 1772.77002 1754.050049 1724.780029 1703.189941 1720.420044 1714.839966 1665.959961 1619.290039 1573.900024 1546.880005 1528.319946 1520.5 1525.869995 1546.859985 1564.099976 1573.25 1612.609985 1667.540039 1710.619995 1728.72998 1754.72998 1768.939941 1768.73999 1776.439941 1796.140015 1798.790039 1802.130005 -9999 -9999 -9999 -9999
2529.429932 2511.310059 2490.459961 2480.52002 2459.01001 2446.050049 2405.620117 2348.669922 2324.689941 2277.26001 2223.199951 2205.01001 2190.129883 2160.51001 2134.040039 2136.22998 2157.830078 2193.77002 2208.22998 2225.040039 2225.340088 2213.76001 2186.929932 2136.850098 2092.800049 2055.790039 2012.280029 1955.400024 1879.040039 1819.069946 1788.140015 1763.780029 1737.410034 1715.069946 1730.420044 1725.619995 1680.209961 1631.920044 1585.890015 1554.680054 1525.180054 1512.130005 1514.530029 1530.040039 1545.199951 1574.469971 1636.650024 1704.930054 1738.660034 1753.180054 1769.02002 1772.810059 1787.949951 1804.800049 1814.630005 1811.949951 1814.160034 1821.959961 -9999 -9999 -9999
2563.399902 2555.110107 2521.320068 2507.689941 2469.850098 2427.120117 2369.120117 2325.620117 2287.340088 2258.909912 2266.219971 2272.929932 2268.290039 2232.590088 2218.570068 2249.949951 2229.76001 2205.879883 2186.830078 2161.820068 2147.909912 2140.100098 2119.060059 2075.929932 2057.699951 2036.77002 1988.930054 1926.060059 1872.469971 1827.439941 1791.51001 1761.569946 1744.209961 1723.829956 1730.23999 1714.719971 1687.51001 1643.98999 1599.280029 1562.650024 1525.390015 1506.369995 1506.349976 1518 1540.709961 1583.560059 1651.829956 1720.209961 1756.27002 1779.219971 1780.199951 1803.319946 1831.599976 1850.01001 1868.77002 1855.920044 1844.819946 1849.390015 1860.310059 -9999 -9999
2513.879883 2587.350098 2559.199951 2467.689941 2411.47998 2377.780029 2343.040039 2295.419922 2256.699951 2212.5 2201.969971 2220.540039 2241.370117 2259.070068 2264.27002 2267.429932 2209.100098 2160.570068 2140.030029 2119 2111.080078 2100.47998 2073.090088 2025.079956 2014.98999 1998.719971 1946.599976 1902.420044 1873.660034 1832.430054 1791.76001 1758.630005 1745.280029 1725.790039 1715.800049 1703.599976 1686.560059 1643.959961 1606.579956 1573.98999 1532.369995 1504.349976 1501.069946 1512.51001 1530.48999 1573.76001 1644.339966 1707.040039 1756.839966 1794.75 1803.01001 1828.319946 1863.130005 1898.73999 1937.089966 1927.819946 1886.790039 1866.01001 1866.310059 1879.73999 1909.140015
2475.52002 2535.47998 2526.179932 2429.51001 2375.159912 2338.419922 2294.820068 2257.879883 2206.02002 2146.280029 2125.169922 2141.030029 2155.790039 2167.719971 2193.590088 2207.73999 2200.5 2146.830078 2130.830078 2114.679932 2083.540039 2077.820068 2042.550049 1998.410034 1985.900024 1954.75 1915.670044 1890.939941 1871.050049 1829.280029 1797.109985 1759.910034 1745.27002 1728.119995 1710.310059 1698.329956 1675.719971 1633.619995 1605.22998 1574.77002 1535.660034 1504.030029 1498.609985 1507.219971 1527.540039 1574.810059 1635.619995 1698.650024 1743.839966 1792 1825.780029 1863.300049 1907.079956 1942.02002 1977.77002 1972.319946 1923.219971 1904.280029 1906.109985 1908.380005 1928.400024
2418.370117 2476.899902 2480.139893 2414.810059 2340.800049 2289.330078 2235.01001 2209.909912 2131.709961 2085.889893 2065.469971 2072.47998 2081.800049 2103.22998 2124.669922 2129.02002 2155.379883 2171.699951 2145.669922 2115.570068 2077.370117 2041.930054 2020.72998 1981.050049 1970.699951 1945.72998 1910.189941 1890.48999 1859.130005 1824.060059 1799.650024 1767.119995 1751.780029 1730.579956 1709.180054 1690.949951 1663.939941 1627.339966 1598.949951 1567.119995 1531.680054 1502.780029 1497.150024 1505.5 1527.839966 1575.439941 1635.550049 1698.290039 1742.640015 1793.290039 1830.540039 1868.040039 1923.709961 1976.25 2005.699951 2010.650024 1969.550049 1948.109985 1947.849976 1946.189941 1953.609985
2397.040039 2473.860107 2442.77002 2376.350098 2307.629883 2215.580078 2163.939941 2143.030029 2090.030029 2059.899902 2058.179932 2058.179932 2058.179932 2072.169922 2072.179932 2057.659912 2068.040039 2095.22998 2118.860107 2130.72998 2070.929932 2027.01001 2011.189941 1984.27002 1960.72998 1943.680054 1911.329956 1888.130005 1848.089966 1822.089966 1808.22998 1779.459961 1760.280029 1735.160034 1714.22998 1689.430054 1654.589966 1623.189941 1592.680054 1553.099976 1521.27002 1500 1495.300049 1506.920044 1529.390015 1570.170044 1624.609985 1690.98999 1742.069946 1783.050049 1823.430054 1860.22998 1923.839966 1987.369995 2004.660034 2022.030029 2015.420044 1988.959961 1982.77002 1987.140015 2003.959961
2389.590088 2466.719971 2432.76001 2352.23999 2289.330078 2177.090088 2128.620117 2101.699951 2065.02002 2058.179932 2058.179932 2058.540039 2064.639893 2058.179932 2034.199951 2001.569946 1996.609985 2010.439941 2033.290039 2074.22998 2107.02002 2063.800049 2026.02002 1989.530029 1951.469971 1928.01001 1899.76001 1873.97998 1833.959961 1819.72998 1807.810059 1782.219971 1755.98999 1735 1714.579956 1684.859985 1649.219971 1614.599976 1578.589966 1537.310059 1510.72998 1494.439941 1494.630005 1502.310059 1524.670044 1568.920044 1629.079956 1693.329956 1734.420044 1773.410034 1819.52002 1860.800049 1910.329956 1953.51001 1999.800049 2041.449951 2024.910034 1999.579956 1994.060059 2005.339966 2012.939941
2434.310059 2464.159912 2411.949951 2353.310059 2274.129883 2172 2115.429932 2093 2078.72998 2071.639893 2070.080078 2088.949951 2102.02002 2070.97998 2014.959961 1980.209961 1944.650024 1956 1971.72998 2008.089966 2052.879883 2062.620117 2042.76001 1992 1948.380005 1925.76001 1886.180054 1852.810059 1830.829956 1817.300049 1803.849976 1786.550049 1759.109985 1732.410034 1708.630005 1677.380005 1644.900024 1603.640015 1563.930054 1517.959961 1497.52002 1487.900024 1492.180054 1499.26001 1523.140015 1574.560059 1634.619995 1696.02002 1738.089966 1781.569946 1831.349976 1870.459961 1901 1944 1996.630005 2044.150024 2044.189941 2018.640015 2012.800049 2015.079956 2014.199951
2485.919922 2448.879883 2394.310059 2349.560059 2279.830078 2199.370117 2146.139893 2115.48999 2117.929932 2108.939941 2105.969971 2125.030029 2091.929932 2047.77002 2025.369995 1956.939941 1925.630005 1931.060059 1939.920044 1949.579956 1970.550049 1994.76001 2011.829956 1983.050049 1952.420044 1922.51001 1878.26001 1836.939941 1824.170044 1814.650024 1805.420044 1791.619995 1763.719971 1729.930054 1701.069946 1669.619995 1637.219971 1583.02002 1537.589966 1504.560059 1489.819946 1479.540039 1489.599976 1497.040039 1528.339966 1579.380005 1645.98999 1700.569946 1745.209961 1797.329956 1843.439941 1876.349976 1905.48999 1950.640015 2003.949951 2035.410034 2053.620117 2061.98999 2044.380005 2041.609985 2044.630005
2462.870117 2442.850098 2400.669922 2349.52002 2305.73999 2249.47998 2208.209961 2170.22998 2145.090088 2126.709961 2142.590088 2121.580078 2058.199951 2012.25 1993.47998 1939.369995 1917.060059 1905.930054 1902.910034 1894.410034 1909.5 1929.290039 1948.689941 1952.630005 1941.780029 1899.839966 1852.719971 1823.869995 1821.219971 1812.98999 1801.780029 1788.920044 1757.170044 1721.390015 1691.030029 1657.640015 1623.310059 1565.560059 1513.689941 1492.869995 1483.530029 1472.890015 1487.780029 1498.72998 1541.449951 1597.119995 1666.880005 1714.550049 1762.079956 1805.630005 1842.900024 1890.319946 1929.73999 1976.579956 2015.939941 2038.170044 2073.01001 2088.649902 2081.469971 2065.139893 2056.790039
2450.679932 2441.02002 2394.790039 2352.840088 2311.409912 2252.439941 2220.679932 2207.530029 2163.76001 2153.629883 2155.879883 2109.679932 2067.600098 2010.400024 1980.359985 1927.47998 1902.130005 1873.26001 1857.790039 1846.23999 1861 1875.959961 1891.160034 1901.310059 1894.98999 1865.189941 1831.469971 1816.369995 1819.050049 1812.089966 1798.76001 1786.359985 1750.430054 1712.98999 1683.180054 1648.420044 1600.849976 1546.060059 1502.680054 1482.900024 1474.75 1466.839966 1485.48999 1502.75 1544.099976 1603.209961 1675.329956 1723.859985 1764.52002 1808.670044 1850.829956 1906.849976 1955.75 1997.560059 2027.040039 2048.540039 2073.459961 2089.330078 2086.52002 2064.870117 2046.959961
2423.300049 2438.590088 2395.610107 2355.189941 2304.620117 2254.649902 2247.889893 2223.280029 2207.73999 2194.399902 2166.02002 2128.709961 2092.290039 2026.02002 2018.650024 1956.26001 1883.180054 1841.51001 1821.150024 1819.079956 1828.550049 1837.140015 1847.560059 1852.449951 1850.98999 1832.47998 1812.410034 1806.650024 1805.369995 1800.780029 1791.290039 1778.630005 1743.22998 1709.540039 1679.390015 1642.829956 1587.180054 1526.469971 1495.339966 1476.400024 1462.339966 1466.73999 1483.959961 1503.859985 1544.599976 1607.579956 1674.089966 1720.939941 1762.609985 1806.48999 1857.910034 1908.839966 1978.76001 2011.839966 2026.060059 2037.300049 2044.939941 2044.859985 2037.449951 2041.849976 2033.109985
2391.580078 2406.120117 2393.439941 2343.560059 2296.100098 2278.469971 2283.899902 2256.120117 2253.070068 2210.399902 2179.27002 2153.810059 2106.610107 2060.850098 2032.119995 1949.069946 1861.449951 1813.319946 1801.25 1799.089966 1808.180054 1815.969971 1815.439941 1811.130005 1812.280029 1809.900024 1802.050049 1795.780029 1785.98999 1783.290039 1780.800049 1764.969971 1734.310059 1704.630005 1672.680054 1630.560059 1577.26001 1520.439941 1485.030029 1470.160034 1452.390015 1464.069946 1481.290039 1510.530029 1546.939941 1606.550049 1666.349976 1721.869995 1765.280029 1808.040039 1858.099976 1913.73999 1976.569946 1992.01001 2008.689941 2015.660034 2023.579956 2019.189941 2010.98999 2008.209961 2018.880005
2359.860107 2358.120117 2366.399902 2357.439941 2322.340088 2301.340088 2343.699951 2342.219971 2308.120117 2238.469971 2201.959961 2154.580078 2111.030029 2076.659912 2027.839966 1947.329956 1865.660034 1806.670044 1794.77002 1791.25 1793.449951 1801.459961 1797.719971 1789.780029 1790.079956 1792.849976 1793.880005 1788.800049 1773.23999 1768.640015 1767.280029 1749.52002 1724.810059 1698.829956 1667.290039 1624.530029 1567.51001 1517.469971 1479.469971 1463.189941 1445.160034 1460.01001 1479.689941 1513.030029 1556.26001 1621.910034 1686.130005 1735.390015 1766.599976 1807.030029 1847.23999 1899.829956 1957.73999 1965.77002 1985.130005 1997.52002 1999.359985 1998.439941 1992.329956 1985.800049 1996.560059
2321.459961 2324.409912 2332.790039 2332.419922 2303.379883 2278.060059 2323.919922 2381.560059 2334.340088 2256.459961 2208.709961 2156.429932 2109.340088 2077.290039 2012.569946 1955.079956 1883.75 1821.689941 1799.48999 1792.01001 1789.290039 1791.22998 1785.98999 1781.589966 1782.27002 1781.420044 1773.069946 1760.079956 1752.380005 1751.819946 1747.26001 1730.75 1712.719971 1691.699951 1662.530029 1619.109985 1570.680054 1521.050049 1478.609985 1458.98999 1443.719971 1445.76001 1477.530029 1517.98999 1566.459961 1635.709961 1706.420044 1758.300049 1792.859985 1805.300049 1838.819946 1883.52002 1924.800049 1944.839966 1957.530029 1976.97998 1988.97998 1987.160034 1980.640015 1980.469971 1987.579956
2291.050049 2294.719971 2300.02002 2290.610107 2264.860107 2244.939941 2279.429932 2334.070068 2333.800049 2244.659912 2201.540039 2167.100098 2127.73999 2083.899902 2017.77002 1955.650024 1901.829956 1861.589966 1834.77002 1816.540039 1802.280029 1788.52002 1779.310059 1773.650024 1774.02002 1774.589966 1768.369995 1754.819946 1743.26001 1732.689941 1724.650024 1712.469971 1698.469971 1680.52002 1653.890015 1609.449951 1569.689941 1527.469971 1478.800049 1455.390015 1443.51001 1435.400024 1474.359985 1520.290039 1582.449951 1653.949951 1723.949951 1783.040039 1827.670044 1845.050049 1859.199951 1888.189941 1909.050049 1932.400024 1947.349976 1964.719971 1977.030029 1973.76001 1974.969971 1983.630005 1986.140015
2257.620117 2258.25 2264.969971 2244.77002 2208.909912 2198.219971 2234.820068 2293.129883 2328.679932 2257.22998 2198.189941 2156.790039 2105.790039 2073.550049 2021.51001 1960.23999 1921.449951 1900.089966 1875.780029 1851.329956 1835.040039 1810.170044 1783.23999 1770.48999 1767.829956 1766.459961 1762.339966 1750.040039 1739.51001 1723.180054 1708.300049 1695.449951 1681.75 1667.689941 1644.079956 1600.280029 1563.550049 1524.030029 1477.680054 1455.430054 1444.140015 1429.530029 1478.319946 1533.959961 1602.130005 1679.589966 1750.109985 1825.900024 1877.800049 1895.949951 1918.97998 1933.47998 1939.48999 1942.48999 1944.400024 1956.670044 1960.890015 1957.189941 1948.589966 1960.619995 1968.930054
2221.419922 2218.469971 2204.389893 2185.899902 2150.149902 2145.530029 2194.850098 2246.340088 2295.840088 2286.449951 2197.340088 2128.850098 2081.459961 2051.659912 2022.609985 1975.47998 1944.599976 1923.73999 1901.949951 1879.97998 1861.97998 1835.589966 1806.869995 1784.859985 1772.160034 1769.849976 1767.079956 1752.689941 1732.430054 1716.400024 1701.589966 1686.699951 1663.540039 1640.300049 1605.51001 1570.369995 1543.22998 1512.140015 1475.51001 1452.689941 1433.01001 1424.420044 1481.630005 1537.01001 1600.380005 1677.959961 1774.319946 1857.619995 1913.130005 1927.170044 1949.599976 1958.310059 1961.25 1953.290039 1947.810059 1948.089966 1948.790039 1939.25 1926.800049 1949.400024 1957.439941
2181.409912 2152.330078 2129.25 2112 2083.320068 2087.77002 2127.26001 2175.26001 2240.689941 2269.810059 2222.889893 2142.76001 2090.75 2047.839966 2013.420044 1983.969971 1948.650024 1936.310059 1924.75 1902.579956 1872.199951 1841.910034 1819.640015 1802.699951 1780.5 1769.790039 1766.829956 1754.949951 1730.699951 1716.609985 1700.420044 1687.900024 1673.459961 1653.01001 1620.339966 1566.089966 1528.51001 1495.530029 1469.180054 1437.599976 1421.01001 1406.859985 1468.839966 1531.160034 1607.900024 1696.390015 1797.829956 1871.569946 1899.72998 1918.189941 1927.439941 1933.079956 1939.079956 1949.97998 1942.76001 1934.079956 1925.310059 1909 1893.209961 1923.060059 1934.52002
2132.610107 2088.949951 2055.409912 2032.75 2013.540039 2027.869995 2077.22998 2130.429932 2182.01001 2207.120117 2220.879883 2194.850098 2141.810059 2079.429932 2026.98999 1985.47998 1956.709961 1948.400024 1923.560059 1890.469971 1856.02002 1827.420044 1810.709961 1793.76001 1773.810059 1764.869995 1761.430054 1748.569946 1725.76001 1717.859985 1704.920044 1691.819946 1685.060059 1671.23999 1634.430054 1584.839966 1531.619995 1492.170044 1464.670044 1439.459961 1403.540039 1397.51001 1454.800049 1524.209961 1608.5 1691.579956 1783.219971 1867.369995 1880.439941 1891.209961 1884.209961 1889.959961 1894.73999 1904.319946 1911.829956 1896.780029 1883.170044 1862.209961 1845.959961 1870.969971 1888.939941
