inst/dem/dem_rendena.asc
NCOLS 320 
NROWS 361 
XLLCORNER 618410.159 
YLLCORNER 5088785.286 
CELLSIZE 100 
NODATA_value -9999 
[rows 270 to 296 of 361, columns 183 to 243 of 320]
1083.829956 1173.910034 1241.140015 1286.859985 1333.800049 1384.780029 1405.900024 1401.660034 1413.199951 1440.349976 1472.630005 1517.859985 1561.949951 1606.25 1652.910034 1702.02002 1761.969971 1803.709961 1735.810059 1660.660034 1588.640015 1518.849976 1457.380005 1387.380005 1281.26001 1177.319946 1108.829956 1075.400024 1036.949951 996.530029 952.219971 914.460022 876.780029 845.72998 820.719971 801.590027 788.51001 776.289978 764.150024 752.23999 740.340027 725.72998 723.849976 707.450012 688.27002 678.419983 672.98999 655.469971 638.820007 617.599976 604.880005 576.51001 548.030029 526.200012 521.179993 513.820007 512 536.190002 542.76001 524.700012 496.209991
1125.48999 1204.420044 1265.380005 1329.469971 1374.810059 1428.930054 1458.060059 1442.880005 1431.280029 1440.02002 1467.109985 1503.939941 1546.01001 1587.040039 1635.209961 1685.579956 1745.680054 1788.609985 1728.72998 1654.630005 1575.640015 1502.26001 1434.119995 1382.630005 1295.650024 1176.709961 1094.609985 1062.75 1027.319946 985.969971 949.159973 909.960022 878.869995 843.48999 815.690002 798.710022 788.969971 778.039978 761.969971 748.700012 734.900024 726.26001 705.51001 690.289978 672.130005 662.25 668.580017 658.719971 641.369995 615.809998 587.969971 548.320007 526.619995 518.080017 514.859985 510.920013 499.339996 499.140015 501.23999 488.890015 484.730011
1176.829956 1232.130005 1291.02002 1351.199951 1410.589966 1458.670044 1469.189941 1452.459961 1449.300049 1448.949951 1461.390015 1489.160034 1529.869995 1573.069946 1622.599976 1673.390015 1732.780029 1753.420044 1708.209961 1644.390015 1573.030029 1515.75 1449.550049 1364.150024 1277.949951 1178.670044 1107.390015 1062.51001 1021.140015 977.419983 944.429993 904.190002 870.72998 838.450012 807.679993 793.469971 793.5 784.210022 758.159973 745.719971 730.190002 720.22998 709.179993 691.900024 673.97998 654.289978 659.349976 659.210022 643.640015 609.179993 557.830017 529.369995 534.109985 532.820007 536.570007 532.429993 522.390015 506.890015 494.790009 501.059998 525.190002
1217.48999 1272.050049 1310.780029 1364.959961 1430.959961 1467.699951 1463.069946 1450.890015 1448.949951 1449.25 1458.800049 1483.930054 1520.079956 1560.459961 1612.630005 1663.920044 1720.319946 1722.900024 1657.790039 1609.5 1537.26001 1461.5 1429.25 1378.810059 1299.579956 1189.130005 1105.920044 1061.02002 1019.159973 975.77002 939.580017 902.900024 865.599976 826.289978 797.820007 788.849976 786.830017 771.02002 744.150024 733.890015 723.059998 713.01001 702.530029 689.849976 669.01001 648.75 646.630005 652.619995 634.880005 582.080017 539.429993 549.599976 558.099976 555.5 568.01001 555.140015 550.570007 546.330017 544.140015 553.679993 562.390015
1257.380005 1297.900024 1332.390015 1374.76001 1427.640015 1461.030029 1452.329956 1448.949951 1448.949951 1448.949951 1456.150024 1477.699951 1509.589966 1550.709961 1599.77002 1654.780029 1700.400024 1675.400024 1625.329956 1553.920044 1509.199951 1427.969971 1360.060059 1325.22998 1268.890015 1169.670044 1084.829956 1045.380005 1010.51001 967.72998 931.590027 898.390015 868.400024 830.080017 791.900024 786.690002 769.320007 748.859985 735.169983 727.849976 716.27002 705.700012 696.22998 681.559998 662.570007 650.070007 635.309998 640.119995 610.369995 558.559998 552.299988 567.190002 578.049988 581.01001 591.609985 584.929993 579.340027 579.869995 579.340027 576.76001 572.5
1292.589966 1336.810059 1376.02002 1400.150024 1426.01001 1445.22998 1449.48999 1448.949951 1448.949951 1451.660034 1462.01001 1474.680054 1497.140015 1537.52002 1589.890015 1645.75 1664.48999 1615.930054 1567.790039 1498.839966 1447.949951 1411.930054 1328.660034 1250.459961 1199.02002 1122.98999 1052.599976 1017.900024 989.919983 950.969971 922.659973 890.530029 854.030029 828.289978 786.690002 774.830017 768.169983 743.150024 728.47998 721.309998 712.5 701.320007 690.909973 674.840027 656.77002 650.909973 625.890015 599.73999 574.200012 555.559998 573 588.02002 602.809998 606.460022 611.390015 609.030029 610.210022 605.23999 594.210022 585.429993 578.919983
1305.130005 1357.359985 1410.069946 1437.75 1461.26001 1467.719971 1470.099976 1471.099976 1472.060059 1471.859985 1482.26001 1488.51001 1494.98999 1523.359985 1574.969971 1625.099976 1629.75 1567.550049 1507.119995 1441.109985 1382.050049 1350.77002 1298.319946 1208.800049 1144.410034 1078.52002 1024.160034 978.909973 947.280029 929.210022 908.900024 874.669983 840.049988 802.27002 774.130005 762.22998 757.77002 737.76001 720.909973 713.320007 706.97998 695.72998 686.23999 670.679993 653.799988 648.679993 637.799988 596.719971 562.789978 571.780029 598.859985 615.039978 620.47998 617.320007 619.119995 625.469971 628.359985 617.309998 603.130005 600.700012 590.22998
1321.959961 1378.680054 1426.719971 1474.97998 1502.349976 1503.790039 1506.349976 1509.160034 1509.01001 1506.27002 1509.640015 1514.030029 1510.859985 1523.76001 1564.98999 1606.77002 1590.349976 1520.73999 1471.339966 1409 1334.47998 1282.560059 1236.5 1172.670044 1103.609985 1044.26001 999.880005 952.359985 922.570007 903.609985 886.700012 855.969971 823.5 793.929993 766.219971 745.299988 735.539978 727.070007 715.73999 703.090027 695.359985 687.190002 679.409973 668.590027 656.159973 646.47998 616.659973 584.390015 573.200012 599.76001 623.75 628.849976 625.609985 623.289978 627.25 636.820007 637.590027 624.119995 623.070007 622.659973 609.219971
1345.199951 1397.079956 1460.140015 1518.400024 1547.069946 1548.920044 1548.910034 1553.329956 1555.910034 1552.170044 1555.02002 1551.430054 1541.849976 1545.130005 1571.949951 1590.410034 1532.209961 1465.420044 1415.77002 1402.119995 1352.689941 1262.900024 1190.619995 1135.170044 1061.170044 1004.75 968.409973 928.309998 895.960022 873.700012 851.090027 826.98999 807.26001 781.429993 762.429993 737.820007 719.369995 714.109985 706.960022 694.469971 687.460022 679.150024 671.450012 664.549988 656.450012 630.109985 590.619995 591.650024 604.530029 622.890015 635.070007 634.710022 632.549988 630.880005 634.700012 643.599976 642.909973 636.719971 640.380005 640.710022 629.47998
1392.619995 1444.22998 1479.859985 1540.099976 1581.150024 1588.969971 1598.339966 1601.630005 1602.280029 1607.23999 1611.680054 1595.780029 1570.430054 1563.800049 1569.02002 1562.459961 1490.939941 1422.819946 1354.079956 1327.119995 1313.630005 1244.02002 1168.040039 1082.869995 1019.679993 970.919983 934.109985 897.210022 868.75 844.330017 820.27002 797.849976 782.140015 762.179993 753.659973 737.5 715.530029 709.380005 697.179993 682.789978 683.059998 677.48999 664.26001 653.070007 649.609985 617.039978 600.76001 626.01001 632.469971 640.02002 642.359985 643.849976 643.890015 640.580017 644.030029 650.01001 649.820007 647.580017 649.280029 650.630005 641.969971
1467.76001 1520.040039 1553.790039 1556.02002 1616.089966 1645.27002 1665.890015 1671.449951 1667.530029 1666.660034 1644.640015 1586.540039 1537.939941 1524.069946 1501.77002 1492.079956 1454.829956 1377.910034 1319.650024 1259.290039 1243.310059 1183.109985 1103.329956 1021.27002 969.390015 938.650024 907.030029 874.609985 846.340027 818.679993 795.780029 774.809998 756.570007 743.52002 739.280029 734.27002 709.580017 679.869995 657.890015 649.909973 655.51001 652.48999 630.299988 618.039978 618.039978 606.429993 621.210022 644.309998 642.780029 648.48999 654.460022 660.48999 656.820007 651.580017 656.070007 660.77002 662.210022 654.059998 650.669983 652.179993 648.130005
1569.380005 1576.819946 1631.969971 1623.900024 1646.819946 1695.839966 1697.380005 1672.359985 1649.959961 1639.290039 1602.959961 1546.540039 1473.22998 1433.859985 1406.369995 1405.76001 1392.790039 1345.329956 1282.469971 1201.47998 1149.069946 1112.130005 1035.550049 970.820007 924.47998 900.710022 878.590027 850.940002 821.150024 792.109985 771.359985 749.73999 727.190002 713.679993 719.809998 705.77002 678.969971 655 644.48999 644.48999 644.48999 641.919983 633.47998 636.559998 634.859985 638.890015 645.97998 648.919983 646.780029 651.440002 659.710022 662.73999 660.880005 659.140015 662.469971 666.47998 665.030029 657.320007 653.099976 652.049988 647.859985
1628.550049 1628.829956 1670.52002 1684.76001 1714.530029 1700.22998 1639.810059 1599.310059 1573.859985 1565.329956 1551.810059 1489.97998 1423.550049 1356.359985 1325.859985 1328.699951 1323.319946 1281.939941 1217.540039 1146.300049 1066.719971 1028.459961 979.669983 929.340027 890.179993 860.969971 839.809998 813.840027 777.590027 763.960022 739.320007 698.76001 679.76001 674.469971 676.109985 664.51001 655 657.890015 674.960022 687.909973 682.869995 671.640015 653.25 664.299988 665.030029 659.469971 654.119995 653.650024 653.659973 656.869995 661.869995 663.130005 663.5 664.570007 667.150024 670.530029 667.929993 660.359985 655.530029 653.690002 653.47998
1657.859985 1655.01001 1687.819946 1732.329956 1757.47998 1693.670044 1612.079956 1547.569946 1505.630005 1484.849976 1474.52002 1429.930054 1373.22998 1315.420044 1254.829956 1229.97998 1207.47998 1173.969971 1100.400024 1056.310059 1005.299988 958.619995 920.969971 886.27002 854.320007 820.099976 780.169983 761.669983 740.590027 724 697.039978 681.130005 684.320007 672.609985 670.840027 671.51001 683.650024 703.549988 711.950012 706.719971 690.679993 670.25 665.369995 675.059998 670.679993 664.619995 659.130005 658.77002 659.26001 660.599976 662.75 663.900024 665.070007 666.590027 669.200012 675.320007 673.299988 662.75 656.609985 655.179993 656.130005
1683.290039 1678.930054 1707.589966 1760.880005 1755.040039 1676.329956 1595.420044 1534.869995 1464.819946 1414.599976 1392.339966 1371.579956 1314.609985 1274.709961 1208.98999 1157.97998 1116.75 1079.810059 1022.099976 988.710022 948.369995 913.659973 870.280029 833.450012 810.650024 782.059998 730.469971 715.690002 707.23999 696.659973 691.429993 711.159973 725.789978 723.130005 715.900024 720.409973 722.820007 721.320007 712.52002 700.76001 693.030029 682.299988 675.880005 682.950012 678.77002 675.400024 669.380005 663.429993 664.789978 662.950012 663.690002 664.950012 666.150024 667.52002 670.159973 676.23999 675.119995 665.590027 658.219971 657.22998 655.640015
1747.880005 1728.540039 1763.52002 1794.560059 1737.439941 1655.079956 1564.140015 1502.439941 1444.119995 1374.699951 1328.160034 1302.02002 1266.47998 1196.160034 1144.5 1099.98999 1031.810059 1007.700012 970.719971 924.950012 889.22998 843.969971 811.659973 779.039978 751.530029 739.679993 728.710022 723.690002 720.059998 734.429993 745.929993 755.719971 755.150024 750.380005 741.840027 729.5 723.960022 718.890015 711.190002 713.75 708.52002 688.400024 685.580017 691.549988 687.650024 682.929993 677.039978 672.080017 669.539978 664.849976 664.349976 665.849976 667.030029 668.200012 671.25 674.179993 674.23999 668.97998 662.450012 660.799988 657.619995
1834.180054 1795.25 1810.02002 1773.050049 1694.719971 1617.890015 1537.640015 1467.089966 1407.27002 1356.209961 1286.300049 1237.869995 1214.709961 1183.839966 1120.060059 1039.52002 964.429993 942.710022 917.73999 873.890015 824.210022 779.789978 757.309998 751.530029 754.880005 765.049988 774.23999 778.599976 775.609985 780.280029 791.01001 787.700012 783.049988 768.309998 748.51001 736.150024 727.280029 719.23999 715.099976 715.390015 713.190002 698.580017 703.549988 700.75 692.330017 685.52002 680.309998 675.700012 668.909973 664.799988 665.099976 666.559998 668.070007 669.849976 673.47998 675.570007 674.77002 671.130005 667.429993 664.630005 658.700012
1899.819946 1882.140015 1804.540039 1735.180054 1672.880005 1617.349976 1534.060059 1462.949951 1388.300049 1318.650024 1255.140015 1193.619995 1148.709961 1123.27002 1093.859985 1034.430054 959.830017 886.679993 858.25 824.799988 773.580017 760.5 776.51001 802.070007 816.460022 820.950012 816.419983 827.059998 819.130005 814.280029 825.070007 821.75 816.340027 799.849976 777.390015 761.159973 749 727.590027 718.309998 720.539978 719.02002 706.830017 715.159973 708.52002 695.52002 685.349976 677.929993 673.26001 667.890015 664.849976 666.039978 667.179993 669.080017 673.789978 676.280029 676.809998 675.450012 670.299988 668.200012 664.960022 657.820007
1796.01001 1809.670044 1731.869995 1686.329956 1597.209961 1544.859985 1490.73999 1448.5 1388.089966 1325.349976 1260.819946 1188.819946 1114.150024 1061.459961 1034.199951 1000.679993 945.359985 886.650024 820.900024 790.200012 789.320007 811.23999 845.659973 889.309998 883.01001 887.950012 854.390015 869.789978 868.390015 851.859985 864.390015 863.390015 854.330017 835.809998 808.599976 784.679993 769.049988 749.25 732.880005 734.679993 730.01001 715.419983 723.599976 715.099976 697.25 684.150024 672.359985 666.659973 663.27002 661.48999 666.349976 669.609985 673.72998 677.179993 677.809998 677.919983 674.419983 668.960022 667.700012 663.590027 656.590027
1694.290039 1726.47998 1653.550049 1605.209961 1560.97998 1484.670044 1428.319946 1379.209961 1333.839966 1280.969971 1234.550049 1184.630005 1114.339966 1048.099976 981.640015 944.630005 904.809998 853.900024 800.460022 813.950012 837.840027 887.719971 938.26001 981.590027 961.549988 980.400024 909.01001 937.599976 948.960022 915.099976 927.349976 905.950012 889.299988 865.789978 839.98999 813.289978 796.599976 776.119995 755.27002 749.849976 739.330017 727.76001 733.200012 721.469971 698.080017 683.400024 668.659973 662.289978 658.280029 657.460022 665.609985 673.549988 677.599976 678 678 676.880005 671.330017 668.140015 666.76001 662.280029 656.929993
1656.589966 1620.599976 1592.76001 1536.26001 1515.540039 1455.219971 1384.560059 1325.089966 1271.579956 1229.189941 1180.069946 1142.829956 1090.630005 1032.369995 965.869995 903.669983 868.809998 823.669983 800.950012 863.369995 886.75 926.789978 992.419983 1047.530029 1058.030029 1048.25 978.710022 1047.910034 1049.150024 1001.469971 1017.440002 963.400024 924.659973 897.159973 873.219971 844.909973 821.200012 798.359985 774.669983 763.409973 746.780029 745.859985 743.51001 730.140015 702.190002 683.73999 667.849976 659.690002 655.289978 654.859985 661.150024 671.419983 677.159973 678 677.77002 673.070007 668.570007 667.880005 665.630005 660.289978 655.809998
1654.02002 1582.47998 1528.719971 1481.839966 1457.27002 1438.23999 1387.560059 1314.689941 1228.780029 1167.689941 1125.369995 1090.040039 1050.939941 1002.969971 945.969971 893.349976 842.570007 811.919983 837.380005 889.469971 932.76001 993.929993 1041.410034 1086.390015 1118.109985 1082.339966 1058.290039 1132.910034 1146.069946 1081.119995 1107.560059 1046.900024 968.289978 930.299988 899.97998 870.039978 841.929993 819.320007 794.190002 770.469971 761.679993 768.630005 753.359985 737.669983 706.330017 683.559998 665.98999 656.799988 654.190002 654.01001 659.630005 671.369995 677.01001 677.429993 677.200012 674.48999 670.179993 668.599976 665.419983 659.219971 655.330017
1613.369995 1584.569946 1500.359985 1434.579956 1384.829956 1369.449951 1358.050049 1320.26001 1221.98999 1133.839966 1075.869995 1040.189941 1011.039978 961.109985 915.940002 870.419983 832.76001 841.799988 878.969971 924.719971 1000.719971 1053.27002 1097.709961 1145.189941 1177.02002 1142.560059 1153.900024 1222.339966 1222.089966 1172.790039 1190.650024 1129.97998 1032.780029 969.299988 928.330017 899.590027 867.599976 838.650024 812.380005 785.26001 787.609985 778.190002 769.119995 752.72998 711.22998 686.599976 666.619995 656.119995 652.400024 652.400024 655.75 668.049988 675.109985 675.48999 675.549988 674.419983 668.630005 665.039978 663.099976 660.320007 657.450012
1583.01001 1562.130005 1499.609985 1426.189941 1363.869995 1316.23999 1289.219971 1276.01001 1233.109985 1154.140015 1081.150024 1008.140015 961.309998 928.080017 879.940002 846.690002 871.950012 892.77002 911.380005 975.359985 1035.23999 1092.619995 1147.52002 1201.52002 1239.859985 1210.869995 1208.76001 1261.319946 1280.880005 1258.949951 1258.930054 1209.02002 1120.369995 1025.75 964.539978 930.039978 894.200012 854.919983 824.119995 808.950012 801.640015 782.51001 778.539978 773.590027 720.940002 689.119995 668.960022 656.070007 652.400024 652.400024 653.01001 663.840027 671.73999 671.880005 671.619995 670.27002 662.429993 660.460022 661.070007 660.01001 655.52002
1533.969971 1520.530029 1490.060059 1434.72998 1351.160034 1283.300049 1235.219971 1209.349976 1188.839966 1139.609985 1077.380005 1006.669983 941.27002 896.719971 856.440002 860.440002 908.109985 933.530029 940.23999 979.02002 1052.439941 1120.969971 1183.550049 1241.26001 1279.660034 1275.699951 1275.170044 1314.48999 1340.780029 1329.800049 1301.109985 1233.280029 1161.319946 1081.189941 1000.630005 945.690002 902.080017 866.159973 834.549988 830.289978 814.880005 799.440002 810.150024 792.119995 732.679993 693.039978 673.369995 657.659973 652.400024 652.400024 652.400024 660.849976 670.210022 670.390015 669.72998 667.130005 658.809998 658.5 660.219971 659.900024 646.580017
1438.109985 1450.390015 1437.689941 1392.859985 1314.040039 1245.300049 1199.150024 1146.51001 1125.140015 1095.5 1044.98999 981.150024 916.919983 862.590027 857.450012 895.419983 934.530029 963.380005 995.919983 1019.23999 1086.380005 1148.75 1209.939941 1276.709961 1326.01001 1342.790039 1348.27002 1380.25 1403.709961 1374.75 1307.02002 1242.23999 1175.869995 1101.359985 1007.27002 946.859985 906.919983 872.090027 867.840027 856.929993 848.969971 833.960022 835.460022 797.73999 741.409973 701.090027 677.549988 658.619995 652.400024 652.400024 652.400024 656.640015 664.789978 666.429993 664.820007 661.059998 655.950012 654.580017 655.840027 653.650024 646.349976
1369.959961 1385.800049 1375.51001 1367.609985 1304.23999 1232.209961 1170.469971 1108.22998 1069.329956 1046.089966 997.630005 941.190002 893.780029 865.359985 899.080017 937.640015 967.820007 1010.73999 1059.030029 1086.329956 1131.150024 1176.859985 1238.560059 1310.930054 1376.699951 1405.819946 1421.77002 1438.48999 1427.079956 1360.089966 1290.75 1228.630005 1177.040039 1102.48999 1004.059998 945.330017 908.690002 914.369995 900.51001 876.080017 871.289978 861.22998 843.409973 798.929993 749 706.539978 678.320007 659.190002 652.400024 652.400024 652.400024 652.830017 657.900024 659.5 660.559998 659.25 655.859985 656.119995 650.859985 646.929993 653.039978
