inst/dem/dem_rendena.asc
NCOLS 320 
NROWS 361 
XLLCORNER 618410.159 
YLLCORNER 5088785.286 
CELLSIZE 100 
NODATA_value -9999 
[rows 216 to 242 of 361, columns 122 to 182 of 320]
1132.969971 1109.819946 1077.680054 1027.170044 977.47998 933.51001 921.909973 947.340027 968.23999 949.369995 929.849976 905.539978 869.23999 817.77002 765.5 716.059998 666.840027 633.690002 612.780029 594.940002 588.080017 586.76001 587.280029 594.76001 626.630005 653.570007 694.039978 714.400024 741.47998 793.320007 860.559998 933.719971 1001.080017 1060.130005 1124.310059 1187.680054 1237.27002 1272.72998 1291.869995 1279.97998 1267.410034 1252.859985 1227.209961 1179.199951 1169.060059 1186.709961 1186.859985 1213.449951 1250.849976 1286.75 1260.26001 1198.670044 1156.410034 1127.849976 1117.619995 1114.969971 1118.52002 1127.839966 1159.380005 1196.319946 1229.859985
1142.969971 1120.75 1098.02002 1056.119995 1003.320007 950.309998 914.130005 907.349976 925.559998 928.130005 906.789978 876.02002 842.190002 790.859985 738.98999 692.599976 645.669983 618.47998 608.099976 595.330017 587.390015 584.77002 587.530029 600.580017 642.299988 661.030029 691.440002 731.619995 764.880005 812.73999 868.969971 941.969971 1018.309998 1074.589966 1131.98999 1201.660034 1259.670044 1299.459961 1313.880005 1309.439941 1301.900024 1288.050049 1246.829956 1187.310059 1158.469971 1166.01001 1159.689941 1182.439941 1217.839966 1248.140015 1230.400024 1173.109985 1123.5 1098.920044 1086.420044 1083.98999 1114.51001 1156.339966 1190.76001 1225.800049 1271.439941
1168.640015 1132.569946 1103.709961 1072.569946 1025.449951 974.190002 926.280029 892.080017 886.22998 886.159973 865.590027 807.820007 786.719971 769.23999 717.25 671.77002 632.219971 618.039978 611.48999 602.539978 588 583.330017 585.900024 599.77002 636.799988 660.849976 697.580017 744.140015 796.190002 828.98999 855 918.539978 1002.98999 1076.060059 1143.189941 1207.969971 1263.400024 1308.640015 1336.359985 1343.599976 1341.119995 1314.170044 1261.930054 1197.800049 1156.160034 1144.23999 1131.51001 1140.930054 1174.060059 1201.810059 1193.599976 1139.109985 1096.939941 1075.75 1054.040039 1084.439941 1140.079956 1180.52002 1214.550049 1253.040039 1301.52002
1213.650024 1174.579956 1132.73999 1091.849976 1049 1007.51001 960.400024 911.869995 872.460022 848.070007 805.109985 742.409973 721.280029 750.47998 708.650024 659.359985 629.059998 620.52002 613.599976 605.289978 590.25 582.049988 583.77002 598.090027 631.419983 663.190002 710.659973 779.77002 830.299988 854.590027 870.47998 903.210022 968.76001 1045.329956 1125.859985 1175.849976 1238.319946 1297.109985 1332.060059 1364.079956 1358.640015 1322.790039 1280.959961 1213.959961 1159.900024 1141.430054 1114.52002 1104.819946 1125.030029 1151.560059 1149.209961 1104.630005 1070.280029 1052.569946 1034.959961 1081.119995 1143.400024 1192.069946 1243.359985 1283.310059 1323.719971
1242.449951 1206.209961 1156.280029 1113.969971 1080.02002 1040.689941 989.640015 944 904.76001 857.950012 812.960022 775.539978 701.900024 719.23999 690.549988 644.330017 629.289978 622.090027 614.340027 606.159973 597.820007 581.719971 582.809998 597.950012 635.039978 681.880005 741.929993 808.450012 869.359985 903.789978 917.440002 938.210022 964 1009.76001 1076.140015 1140.949951 1214.930054 1270.040039 1312.319946 1357.160034 1362.75 1317.560059 1268.650024 1216.849976 1160.560059 1136.98999 1110.079956 1077.540039 1079.689941 1100.540039 1105.050049 1070.150024 1040.439941 1023.900024 1029.109985 1087.900024 1149.400024 1203.180054 1256.619995 1298.390015 1335
1235.319946 1203.089966 1176.530029 1147.52002 1115.22998 1080.02002 1028.099976 985.840027 950.210022 898.940002 855.549988 785.590027 719.929993 678.940002 654.679993 635.840027 623.880005 616.72998 612.349976 605.859985 598.320007 581.51001 582.320007 603.119995 646.780029 702.640015 768.059998 830.030029 904.159973 948.01001 975.190002 997.849976 1018.559998 1039.119995 1054.23999 1107.959961 1165.660034 1232.27002 1299.75 1355.660034 1362.300049 1312.430054 1257.609985 1217 1170.089966 1136.290039 1111.810059 1078.390015 1047.680054 1059.52002 1074.670044 1037.069946 995.309998 992.380005 1032.959961 1097.619995 1156.819946 1212.800049 1263.069946 1299.48999 1332.51001
1272.800049 1236.859985 1201.939941 1162.920044 1126.709961 1098.689941 1060.420044 1009.909973 969.940002 937.450012 886.690002 831.099976 780.72998 735.330017 678.02002 644.969971 629 614.469971 603.179993 598.820007 594.369995 581.22998 581.070007 607.849976 661.5 719.619995 787.640015 850.539978 914.460022 970.450012 1013.599976 1048.630005 1075.199951 1094.329956 1104.310059 1134.040039 1185.140015 1241.339966 1304.76001 1358.670044 1358.359985 1316.400024 1263.780029 1219.219971 1186.949951 1153.52002 1124.290039 1093.199951 1047.449951 1028.640015 1046.170044 1009.98999 967.700012 987.309998 1047.800049 1113.930054 1174.199951 1224.430054 1270.939941 1311.349976 1329.300049
1313.689941 1263.280029 1225.109985 1179.25 1132.180054 1101.589966 1068.26001 1022.52002 983.219971 948.049988 907.109985 853.609985 809.450012 762.23999 699.640015 653.080017 630.210022 618.940002 606.059998 592.140015 589.650024 583.530029 579.869995 617.700012 675.77002 734.429993 806.419983 867.130005 918.340027 979.549988 1034.449951 1079.089966 1116.930054 1142.380005 1158.52002 1188.72998 1233.839966 1274.300049 1317.47998 1355.689941 1356.069946 1326.910034 1285.140015 1243.400024 1216.459961 1186.619995 1147.290039 1096.099976 1042.160034 1000.200012 1014.299988 973.299988 944.099976 984.599976 1044.329956 1115.050049 1177.849976 1236.079956 1282.839966 1305.869995 1317.530029
1333.77002 1279.109985 1242.060059 1184.900024 1145.97998 1113.969971 1076.150024 1028.420044 995.530029 954.700012 901.809998 860.099976 823.359985 771.119995 705.159973 668 627.940002 614.440002 608.72998 594.419983 583.140015 580.179993 579.869995 634.179993 700.440002 764.849976 824.469971 877.619995 934.140015 998.330017 1042.930054 1092.640015 1140.709961 1174.530029 1184.079956 1198.219971 1237.849976 1287 1329.359985 1343.98999 1350.430054 1338.099976 1313.52002 1285.170044 1249.449951 1209.219971 1144.849976 1079.930054 1026.22998 969.700012 960.559998 933.530029 931.330017 975.429993 1034.310059 1102.030029 1162.369995 1220.48999 1264.75 1286.76001 1291.430054
1342.109985 1291.02002 1245.97998 1183.97998 1145.969971 1113.839966 1072.709961 1025.22998 992.950012 956.380005 904.98999 866.809998 827.780029 775.849976 707.72998 675.460022 636.159973 612.73999 603.950012 596.73999 581.51001 576.309998 590.409973 652.01001 722.76001 785.26001 841.440002 887.719971 944.849976 1009.679993 1049.75 1096.630005 1144.449951 1188.72998 1183.709961 1187.77002 1224.290039 1276.199951 1311.369995 1325.579956 1336.819946 1342.77002 1327.589966 1294.329956 1249.26001 1185.609985 1118.800049 1058.170044 1013.52002 978.98999 936.099976 903.530029 913.159973 964.849976 1030.72998 1087.189941 1149.300049 1199.52002 1234.540039 1254.930054 1258.180054
1349.47998 1301.180054 1244.680054 1186.719971 1146.849976 1112.699951 1074.459961 1025.410034 986.429993 953.75 905.880005 867.52002 831.159973 781 718.669983 689.090027 652.869995 616.51001 602.679993 593.130005 581.950012 576.02002 597.969971 658.530029 729.580017 792.97998 843.630005 892.890015 956.900024 1022.340027 1053.199951 1083.959961 1130.609985 1164.5 1162.469971 1180.079956 1216.51001 1261.02002 1286.089966 1308.640015 1325.709961 1337.569946 1324.189941 1285.329956 1234.829956 1160.670044 1088.920044 1029.609985 989.72998 966.690002 934.210022 886.440002 905.950012 963.140015 1031.640015 1089.900024 1142.709961 1177.130005 1201.930054 1214.27002 1215.290039
1350.040039 1302.030029 1246.47998 1190.719971 1146.459961 1109.180054 1074.47998 1025.77002 987.01001 957.080017 906.27002 865.320007 830.140015 786.840027 733.469971 702.469971 669.419983 621.580017 605.72998 592.539978 579.960022 576.02002 589.429993 650.919983 727.76001 791.140015 849.390015 910.72998 984.340027 1032.170044 1059.150024 1074.689941 1109.189941 1128.27002 1139.579956 1176.26001 1214.76001 1254.170044 1284.47998 1304.5 1313.849976 1318.619995 1307.75 1271.040039 1215.140015 1138.140015 1070.98999 1007.679993 968.719971 945.47998 911.030029 870.330017 899.77002 964.130005 1036.160034 1090.400024 1128.280029 1160.76001 1173.51001 1170.959961 1163.920044
1341.449951 1287.48999 1231.400024 1190.420044 1141.130005 1103.040039 1065.849976 1023.669983 986.780029 954.390015 908.419983 867.809998 832 792.090027 753.960022 730.130005 694.289978 632.01001 614.690002 604.059998 583.599976 576.02002 576.299988 640.059998 705.26001 773.97998 859.659973 947.98999 1004.429993 1030.800049 1047.599976 1064.01001 1084.089966 1095.290039 1123.869995 1171.290039 1211.170044 1249.949951 1282.660034 1295.869995 1290.22998 1280.660034 1271.459961 1246.050049 1181.119995 1112.560059 1053.349976 993.070007 951.659973 922.099976 883.909973 850.349976 891.969971 966.390015 1030.97998 1067.73999 1094.23999 1134.780029 1149.47998 1131.98999 1114.349976
1330.349976 1271.52002 1220.439941 1178.599976 1135.650024 1099.920044 1061.790039 1021.840027 983.159973 950.179993 909.880005 866.059998 826.780029 796.619995 768.02002 745.809998 701.48999 643.419983 625.919983 613.070007 600.26001 582.640015 576.02002 606.669983 678.419983 760.890015 853.830017 932.669983 980.780029 1009.25 1026.02002 1047.160034 1055.449951 1073.420044 1112.780029 1167.150024 1216.780029 1262.839966 1285.52002 1284.099976 1265.5 1245.880005 1233.02002 1208.219971 1144.390015 1080.410034 1022.969971 977.039978 937.590027 890.809998 847.049988 832.859985 894.01001 970.380005 1013.619995 1031.910034 1050.030029 1089.339966 1108.5 1098.949951 1066.579956
1320.949951 1264.23999 1215.280029 1172.400024 1127.969971 1091.449951 1053.560059 1013.5 980.369995 943.289978 906.280029 867.559998 830.419983 806.539978 773.640015 737.380005 701.650024 657.98999 634.380005 625.700012 614.169983 601.359985 576.02002 583.039978 664.440002 745.090027 824.070007 898.799988 943.76001 965.809998 990.210022 1019.869995 1033.290039 1070.410034 1115.400024 1169.030029 1223.76001 1275.530029 1293.310059 1283.410034 1254.810059 1228.219971 1196.839966 1164.359985 1107.73999 1048.150024 995.950012 952.580017 922.210022 881.049988 825.070007 812.590027 887.210022 962.880005 984.690002 993.619995 1011.309998 1030.26001 1041.199951 1031.02002 1025.449951
1321.219971 1266.119995 1217.839966 1181.849976 1137.910034 1095.969971 1053.459961 1018 982.299988 944.289978 909.01001 872.799988 841.590027 813.859985 761.799988 723.440002 691.669983 662.400024 646.22998 633.039978 619.070007 605.789978 582.390015 567.900024 630.799988 709.200012 795.130005 841.530029 877.049988 904.130005 944.179993 985.77002 1028.76001 1085.939941 1136.76001 1180.560059 1227.219971 1280.910034 1308.410034 1297.97998 1266.380005 1235.640015 1191.079956 1143.51001 1086.430054 1024.5 972.299988 931.340027 903.650024 869.849976 819.539978 792.48999 863.030029 924.75 943.52002 952.630005 965.97998 974.659973 984.909973 989.630005 985.590027
1311.890015 1271.099976 1218.310059 1176.26001 1137.199951 1099.640015 1053.160034 1014.51001 984.72998 952.27002 919.039978 881.869995 849.22998 806.140015 761.76001 742.840027 708.570007 670.549988 654.799988 638.869995 622.530029 605.359985 577.909973 560.900024 596.409973 681.109985 755.580017 790.539978 813.380005 873.659973 924.640015 968.48999 1031.579956 1093 1152.869995 1201.77002 1239.089966 1285.890015 1320.01001 1311.099976 1285.709961 1260.280029 1220.839966 1177.209961 1114.030029 1038.920044 978.210022 925.119995 887.570007 849.549988 800.340027 778.099976 839.73999 883.190002 894.75 907.25 923.690002 930.070007 934.659973 936.340027 936.51001
1295.109985 1260.560059 1206.949951 1165.51001 1134.609985 1095.930054 1051.469971 1011.330017 983.320007 955.380005 927.909973 893.549988 858.580017 812.179993 776.97998 752.450012 714.099976 675.97998 659.690002 642.320007 626.25 602.22998 567.059998 558.330017 579.299988 652.02002 713.190002 736.710022 779.859985 844.969971 897.539978 965.5 1047.069946 1109 1176.719971 1217.51001 1252.5 1291.640015 1316.130005 1303.319946 1286.959961 1270.060059 1248.48999 1204.76001 1138.170044 1058.599976 992.450012 928.450012 887.98999 845.76001 789.429993 754.570007 795.72998 826.51001 832.179993 850.559998 882.700012 889.340027 893.549988 902.539978 890.640015
1285.949951 1236.449951 1182.780029 1153.02002 1127.449951 1093.22998 1052.560059 1013.070007 984.369995 952.039978 927.780029 889.359985 843.280029 809.799988 768.909973 732.710022 713.140015 693.47998 651.349976 631.650024 616.809998 597.460022 564.409973 556.22998 570.570007 620.429993 676.460022 703.390015 757.809998 815.609985 873.72998 964.799988 1050.619995 1113.400024 1183.530029 1226.540039 1263.25 1292.140015 1291.670044 1276.599976 1267.75 1252.069946 1234.209961 1199.069946 1151.540039 1085.97998 1017.450012 954.599976 898.099976 854.030029 811.869995 763.200012 734.130005 748.51001 761.330017 794.690002 841.330017 851.919983 861.159973 857.01001 838.72998
1268.319946 1224.089966 1164.640015 1139.439941 1120.170044 1085.780029 1053.540039 1017.599976 986.710022 951.929993 911.880005 866.340027 826.52002 795.059998 755.409973 748.429993 748.359985 716.77002 668.390015 631.789978 597.919983 577.669983 564.380005 555.26001 566.090027 597.619995 641.159973 686.48999 741.880005 809.960022 890.469971 977.960022 1058.530029 1127.459961 1185.540039 1220.119995 1250.5 1256.170044 1244.060059 1236.219971 1225.300049 1199.660034 1180.109985 1157.640015 1133.680054 1092.189941 1039.040039 971.51001 906.549988 861.179993 830.559998 800.200012 744.090027 708.280029 691.960022 753.830017 793.73999 800.440002 796.75 773.969971 752.570007
1219.069946 1215.790039 1174.359985 1130.420044 1111.150024 1085.27002 1055.439941 1015.630005 983.039978 962.48999 937.440002 889.359985 839.98999 799.140015 776.099976 789.159973 763.429993 724.390015 692.390015 658.820007 617.049988 581.5 562.349976 553.690002 562.23999 579.789978 623.369995 673.469971 739.309998 810.409973 896.159973 987.359985 1037.52002 1099.709961 1164.369995 1194.839966 1221.48999 1226.47998 1200.189941 1181.040039 1165.660034 1142.349976 1112.47998 1101.089966 1080.810059 1066.790039 1014.460022 956.289978 899.359985 856.909973 827.200012 796.76001 752.780029 724 669.799988 719.200012 725.719971 710.690002 705.469971 690.840027 679.590027
1191.369995 1162.569946 1137.47998 1106.699951 1094.369995 1076.290039 1047.689941 1009.960022 984.299988 959.070007 926.72998 885.559998 841.22998 804.549988 802.5 790.73999 766.590027 738.700012 717.700012 687.169983 636.679993 587.72998 557.309998 550.700012 558.109985 565.320007 602.289978 653.909973 718.710022 779.359985 859.02002 922.559998 976.059998 1073.369995 1123.319946 1156.949951 1180.040039 1197.790039 1181.089966 1136.709961 1111.550049 1092.189941 1060.569946 1039 1014.369995 1024.949951 996.049988 929.98999 873.539978 833.719971 793.98999 757.469971 720.710022 694.789978 645.880005 666.609985 649.200012 631.099976 628.549988 622.669983 615.030029
1227.430054 1185.26001 1145.300049 1101.939941 1062.900024 1037.26001 1011.900024 983.940002 956.190002 924.590027 900.799988 866.25 838.059998 825.48999 817.710022 791.320007 771.950012 747.849976 722.169983 690.650024 641.210022 590.200012 554.599976 549.72998 550.780029 552.25 570.390015 623.090027 676.26001 729.280029 786.130005 873.27002 960.919983 1028.060059 1076.050049 1111.390015 1134.219971 1154.069946 1156.339966 1115.76001 1063.170044 1057.030029 1019.460022 972.349976 932.590027 964.01001 972.23999 914.419983 833.099976 781.419983 734.869995 696.950012 664.599976 639.409973 618.469971 594.869995 598.049988 585.969971 570.77002 564.169983 547.799988
1269.719971 1234.689941 1196.469971 1154.359985 1095.439941 1039.77002 999.25 970.320007 944.039978 915.429993 888.849976 857.219971 854.049988 869.349976 840.549988 808.280029 784.030029 759.460022 726.359985 687.099976 643.650024 605.669983 564.909973 547.179993 547.289978 548.030029 553.309998 592.539978 638.929993 682.23999 750.090027 824.340027 898.780029 954.809998 1008.48999 1050.680054 1070.140015 1091.469971 1116.780029 1096.819946 1044.540039 1004.530029 975.669983 925.539978 866.390015 894.090027 937.190002 888.419983 795.059998 724.52002 676.859985 637.609985 612.570007 597.409973 603.200012 584.48999 563.679993 578.219971 543.369995 526.140015 509.429993
1319 1282.589966 1242.439941 1199.599976 1131.75 1073.25 1050.819946 1045.699951 1016.969971 973.440002 938.530029 894.76001 903.469971 903.409973 862.48999 826.409973 800.469971 771.52002 735.650024 705.859985 659.76001 620.109985 585.080017 557.210022 544.280029 542.859985 544.900024 560.340027 593.890015 634.859985 692.419983 734.400024 764.909973 820.289978 901.840027 971.869995 998.469971 1029.130005 1028.859985 1032.23999 1008.210022 961.76001 927.77002 890.599976 820.530029 806.27002 870.75 813.22998 738.380005 680.75 628.5 593.929993 570.039978 565.340027 563.390015 554.580017 541.119995 554.679993 525.359985 505.76001 497.779999
1353.069946 1316.23999 1272.52002 1234.76001 1169.430054 1112.680054 1111.219971 1106.800049 1076.959961 1029.930054 981.780029 937.539978 949.280029 925.76001 888.080017 844.710022 811.51001 781.719971 751.900024 721.890015 676.929993 632.659973 610.039978 586.200012 560.849976 547.469971 542.200012 542.200012 555.47998 586.190002 611.72998 645.450012 681.140015 722.690002 789.280029 860.210022 918.109985 970.280029 937 927.109985 917.349976 898.02002 882.97998 854.5 786.51001 737.809998 773.929993 738.609985 679.630005 621.190002 575.26001 554.02002 540.919983 535.539978 529.77002 525.940002 521.390015 516.200012 503.170013 497.820007 495.690002
1379.209961 1339.339966 1301.930054 1253.77002 1191.099976 1173.949951 1162.98999 1139.849976 1112.650024 1071.189941 1019.22998 982.059998 984.5 945.900024 902.080017 864.059998 829.179993 797.580017 765.799988 727.049988 686.01001 646.409973 627.390015 605.080017 585.119995 564.47998 546.390015 542.200012 542.200012 543.309998 554.929993 579.960022 620.679993 671.830017 722.039978 776.51001 855.340027 910.650024 864.130005 837.330017 828.219971 822.73999 815.22998 783.700012 738.150024 689.73999 669.719971 635.320007 591.5 561.51001 533.150024 512.72998 508.640015 509.459991 509.140015 507.320007 507.200012 503.51001 499.350006 496.200012 494.200012
