inst/dem/dem_rendena.asc
NCOLS 320 
NROWS 361 
XLLCORNER 618410.159 
YLLCORNER 5088785.286 
CELLSIZE 100 
NODATA_value -9999 
[rows 81 to 107 of 361, columns 61 to 121 of 320]
1921.650024 1819.869995 1680.420044 1601.449951 1538.670044 1497.380005 1471.089966 1455.910034 1457.339966 1477.530029 1495.219971 1513.52002 1549.709961 1580.540039 1643.790039 1706.680054 1777.819946 1873.97998 1977.859985 2098.370117 2205.580078 2246.100098 2287.919922 2381.26001 2477.97998 2581.550049 2627.199951 2572.159912 2562.22998 2559.679932 2559.030029 2564.620117 2571.070068 2579.169922 2614.76001 2702.929932 2811.290039 2914.300049 2879.879883 2850.360107 2800.909912 2754.75 2728.550049 2691.080078 2654.540039 2624.629883 2591.850098 2561.419922 2522.77002 2497.639893 2449.679932 2423.949951 2404.899902 2382.27002 2347.780029 2310.159912 2279.040039 2250.77002 2222.590088 2201.540039 2187.199951
1970.47998 1893.180054 1765.189941 1672.699951 1588.420044 1536.819946 1494.810059 1464.430054 1454.390015 1468.76001 1477.339966 1496 1523.589966 1545.410034 1594.530029 1653.910034 1740.099976 1848.310059 1956.300049 2053.610107 2133.22998 2194.73999 2267.870117 2360.610107 2486.360107 2627.969971 2588.459961 2537.820068 2527.689941 2524.189941 2525 2529.139893 2537.080078 2552.5 2581.149902 2667.879883 2772.300049 2893.639893 2927.550049 2882.709961 2840.629883 2782.51001 2738.22998 2697.810059 2664.870117 2637.830078 2610.669922 2585.27002 2547.320068 2504.969971 2457.790039 2424.600098 2402.72998 2377.689941 2356.280029 2337.320068 2308.48999 2270.51001 2236.090088 2194.530029 2147.01001
2030.680054 1929.560059 1821.530029 1735.420044 1660.939941 1585.01001 1522 1470.420044 1447.890015 1454.369995 1459.51001 1465.699951 1493.599976 1515.140015 1557.5 1626.369995 1706.530029 1791.099976 1904.540039 1994.459961 2086.389893 2170.959961 2227.5 2315.5 2440.620117 2592.040039 2569.040039 2499.51001 2486.610107 2488.189941 2493.22998 2496.75 2506.540039 2523.949951 2552.179932 2636.72998 2731.959961 2827.090088 2970.26001 2953.550049 2892.889893 2828.620117 2758 2713.290039 2676.679932 2652.100098 2625.439941 2596.969971 2563.139893 2518.25 2469.129883 2438.669922 2406.23999 2373.830078 2347.679932 2331.090088 2317.800049 2291.340088 2258.709961 2229.290039 2179.949951
2064.02002 1971.339966 1887.23999 1815 1742.619995 1658.790039 1587.329956 1516.22998 1456.199951 1444.439941 1447.099976 1445.73999 1450.76001 1478.680054 1524.859985 1602.530029 1673.5 1747 1833.650024 1940.849976 2032.97998 2082.699951 2134.830078 2223.300049 2361.820068 2543.830078 2537.540039 2460.959961 2453.370117 2456.97998 2463.780029 2468.879883 2477.209961 2499.429932 2543.030029 2615.949951 2708.830078 2797.23999 2930.330078 2977.909912 2931.040039 2848.600098 2799.379883 2744.02002 2704.409912 2670.840088 2644.149902 2612.810059 2575.860107 2537.949951 2492.030029 2452.929932 2409.719971 2370.889893 2349.169922 2332.100098 2318.959961 2304.719971 2281.27002 2252.419922 2224.939941
2078.379883 2027.550049 1953.119995 1886.829956 1831.76001 1750.209961 1669.25 1570.280029 1491.290039 1446.75 1438.530029 1435.339966 1435.410034 1451.550049 1487.380005 1559.189941 1630.52002 1706.859985 1785.699951 1881.040039 1966.060059 2051.25 2143.389893 2245.639893 2389.48999 2478.129883 2507.659912 2427.830078 2417.360107 2419.699951 2431.77002 2437.72998 2450.280029 2477.570068 2524.550049 2627.75 2767.22998 2817.22998 2878.439941 2926.01001 2887.300049 2850.909912 2819.919922 2769.379883 2727.959961 2695.050049 2666.77002 2638.060059 2591.030029 2555.810059 2511 2466.949951 2420.51001 2380.350098 2347.72998 2327.340088 2308.52002 2287.320068 2265.620117 2248.040039 2229.669922
2163 2141.600098 2058.040039 1983.47998 1913.650024 1831.630005 1744.589966 1649.890015 1557.51001 1482.329956 1451.880005 1435.640015 1430 1437.23999 1468.890015 1508.900024 1565.810059 1647.859985 1750.969971 1868.72998 1962.72998 2062.310059 2150.899902 2258.469971 2359.340088 2432.120117 2452.860107 2385.350098 2382.219971 2386.399902 2393.080078 2403.290039 2422.27002 2446 2490.110107 2660 2759.340088 2778.439941 2819.560059 2881.72998 2859.139893 2816.199951 2785.159912 2778.570068 2761.449951 2715.110107 2671.199951 2641.050049 2625.050049 2585.830078 2532.850098 2480.899902 2426.340088 2389.02002 2354.810059 2316.959961 2286.780029 2262.919922 2243.639893 2225.77002 2193.379883
2267.02002 2217.320068 2134.300049 2030.839966 1949.939941 1873 1772.869995 1671.880005 1592.640015 1523.530029 1476.959961 1441.449951 1428.540039 1433.790039 1456.050049 1477.939941 1509.880005 1581.199951 1690.650024 1837.199951 1930.150024 2028.199951 2110.790039 2191.679932 2306.699951 2360.860107 2395.179932 2340.47998 2333.77002 2345.429932 2362.870117 2370.969971 2391.179932 2420.76001 2495.629883 2659.419922 2681.47998 2711.459961 2772.550049 2845.969971 2809.060059 2752.600098 2718.300049 2682.719971 2733.22998 2751.76001 2706.639893 2661.23999 2618.070068 2593.320068 2554.399902 2505.97998 2453.939941 2404.090088 2364.01001 2321.429932 2282.159912 2245.840088 2223.02002 2206.25 2173.929932
2321.540039 2230.899902 2156.209961 2066.110107 1974.369995 1890.47998 1806.119995 1696.51001 1623.170044 1551.030029 1490.449951 1445.23999 1425.069946 1427.26001 1439.170044 1448.930054 1472.800049 1525.339966 1659.97998 1800.22998 1889.930054 1992.290039 2059.860107 2126.219971 2226.560059 2297.889893 2338.52002 2295.110107 2296.409912 2310.600098 2327.570068 2334.340088 2346.570068 2388.800049 2526.01001 2568.209961 2604.719971 2672.719971 2766.899902 2794.560059 2752.439941 2697.97998 2633.090088 2592.48999 2636.399902 2692.330078 2733.330078 2706.629883 2651.719971 2594.459961 2562.169922 2534.320068 2494.209961 2468.060059 2410.030029 2350.25 2297.090088 2253.129883 2218.080078 2192.790039 2167.850098
2317.909912 2260.280029 2202.600098 2117.560059 2026.73999 1958.130005 1850.530029 1701.22998 1625.900024 1549.98999 1493.27002 1450.560059 1424 1423.22998 1426.209961 1427.189941 1443.699951 1495.900024 1570.27002 1694.119995 1837.77002 1937.880005 2002.900024 2064.290039 2147.840088 2234.899902 2274.209961 2255.629883 2259.77002 2270.560059 2285.449951 2299.830078 2316.639893 2392.25 2464.919922 2496.22998 2574.590088 2678.669922 2705.469971 2715.679932 2726.26001 2642.889893 2575.76001 2529.830078 2539.060059 2599.370117 2657.409912 2657.27002 2652.610107 2643.530029 2616.330078 2564.52002 2520.389893 2497.129883 2449.780029 2397.969971 2337.26001 2270.889893 2230.179932 2195.100098 2158.330078
2377.620117 2306.909912 2243.25 2170.699951 2095.169922 1996.97998 1879.560059 1709.339966 1627.5 1570.170044 1513.280029 1465.400024 1427.719971 1419.319946 1420.01001 1420.209961 1440.040039 1486.459961 1546.319946 1616.430054 1746.290039 1877.51001 1954.300049 2020.060059 2102.320068 2167.629883 2223.570068 2212.600098 2212.639893 2225.399902 2238.959961 2254.48999 2281.600098 2347.72998 2398.850098 2482.26001 2562.01001 2607.610107 2622.969971 2641.27002 2671.449951 2622.350098 2537.469971 2486.22998 2469.149902 2500.709961 2562.290039 2578.189941 2564.689941 2573.659912 2588.840088 2573.97998 2557.169922 2530.25 2465.639893 2408.120117 2354.550049 2307.189941 2262.429932 2208.280029 2166.060059
2339.050049 2321.949951 2276.97998 2193.449951 2099.719971 1997.030029 1890.400024 1722.930054 1661.300049 1602.209961 1543.390015 1486.170044 1439.310059 1418.530029 1416.839966 1417.569946 1431.910034 1473.439941 1525.150024 1592.829956 1701.77002 1810.719971 1904.920044 1989.910034 2058.02002 2132.810059 2191.879883 2171.919922 2174.419922 2175.790039 2185.879883 2210.139893 2239.469971 2303.969971 2388.719971 2465.340088 2491.379883 2547.139893 2537.27002 2563.590088 2586.75 2583.159912 2514.570068 2441.550049 2416.310059 2423.040039 2490.129883 2515.449951 2486.719971 2496.649902 2497.169922 2494.889893 2507.280029 2530.629883 2538.22998 2469.77002 2394.379883 2346.219971 2320.810059 2247.459961 2195.189941
2311.080078 2276.899902 2244.830078 2199.870117 2129.100098 1979.449951 1845.27002 1759.27002 1681.819946 1620.849976 1559.140015 1496.819946 1449.01001 1421.959961 1415.319946 1415.01001 1419.709961 1448.400024 1496.949951 1560.890015 1698.160034 1790.430054 1856.420044 1956.859985 2045.349976 2099.5 2108.169922 2115.030029 2114.540039 2113.429932 2131 2155.389893 2199.570068 2287.540039 2359.52002 2387.399902 2444.899902 2476.350098 2459.620117 2498.73999 2487.800049 2476.080078 2460.889893 2391.159912 2363.939941 2372.02002 2433.530029 2439.850098 2413.26001 2417.360107 2414.850098 2409.929932 2430.290039 2472.459961 2511.449951 2525.26001 2494.149902 2448.179932 2397.810059 2314.080078 2242.360107
2295.409912 2261.379883 2219.120117 2173.320068 2118.040039 2060.540039 1978.280029 1854.77002 1714.839966 1635.449951 1577.280029 1519.369995 1471.079956 1441.550049 1418.939941 1412.72998 1412.030029 1424.869995 1473.670044 1531.650024 1644 1748.47998 1824.52002 1887.329956 1969.099976 2017.560059 2053.75 2058.669922 2041.459961 2040.47998 2066.76001 2110.550049 2183.209961 2266.830078 2288.429932 2328.030029 2361.929932 2381.030029 2393.449951 2424.629883 2410.959961 2378.179932 2387.899902 2335.330078 2308.449951 2323.570068 2385.219971 2379.399902 2336.070068 2315.590088 2318.290039 2325.189941 2370.780029 2411.76001 2444.350098 2458.01001 2439.52002 2388.929932 2358.27002 2355.879883 2278.51001
2280.27002 2241.419922 2194.679932 2147.110107 2100.899902 2054.389893 2001.02002 1915.140015 1765.52002 1662.48999 1607.219971 1548 1500.030029 1462.130005 1430.810059 1417.689941 1409.26001 1416.650024 1448.939941 1517.910034 1605.640015 1698.280029 1777.800049 1818.189941 1867.5 1951.869995 2029.189941 2017.329956 1995.060059 1987.430054 2026.359985 2081.98999 2162.530029 2188.830078 2229.639893 2250.47998 2277.189941 2290.899902 2325.830078 2379.76001 2339.530029 2296.870117 2310.389893 2275.379883 2246.679932 2257.350098 2302.97998 2320.709961 2271.969971 2234.659912 2231.47998 2265.050049 2311.590088 2331.5 2389.370117 2386.110107 2366.209961 2323.820068 2288.370117 2301.23999 2280.850098
2270.73999 2218 2169.530029 2119.340088 2081.850098 2046.859985 2000.98999 1937.050049 1790.030029 1695.73999 1635.619995 1578.280029 1520.72998 1473.939941 1439.310059 1422.589966 1402.400024 1401.77002 1421.949951 1480.77002 1552.530029 1624.589966 1703.180054 1756.089966 1838.420044 1911.439941 1956.160034 1948.180054 1933.920044 1937.76001 1981.949951 2053.659912 2081.669922 2097.389893 2123.97998 2162.929932 2199.639893 2222.189941 2286.620117 2332.790039 2280.709961 2222.320068 2215.659912 2226.22998 2181.300049 2179.320068 2217.780029 2255.52002 2228.709961 2174.149902 2163.340088 2194.120117 2222.600098 2273.810059 2329.060059 2327.98999 2293.51001 2272.159912 2222.870117 2229.139893 2222.300049
2265.169922 2211.399902 2149.25 2108.02002 2077.459961 2038.140015 2004.890015 1945.569946 1809.920044 1721.23999 1656.119995 1600.689941 1538.219971 1493.060059 1456.859985 1433.069946 1408.670044 1393.930054 1396.640015 1447.069946 1507.800049 1566.130005 1636.5 1715.099976 1774.75 1833.560059 1876.300049 1880.22998 1861.5 1879.27002 1941.699951 1997.119995 2001.630005 2001.709961 2027.550049 2076.179932 2137.310059 2174 2233.830078 2248.070068 2231.51001 2158.969971 2130.459961 2134.409912 2113.820068 2113.51001 2135.280029 2176.899902 2165.169922 2114.98999 2091.459961 2107.810059 2160.610107 2218.699951 2269.23999 2283 2230.080078 2211.050049 2168.73999 2152.649902 2156.800049
2262.370117 2207.48999 2157.679932 2122.030029 2087.76001 2051.820068 2008.930054 1961.780029 1903.790039 1796.47998 1709.589966 1627.189941 1571.380005 1528.339966 1499.140015 1458.219971 1421.319946 1402.699951 1386.930054 1422.73999 1469.719971 1521.98999 1575.380005 1642.920044 1705.47998 1758 1791.050049 1807.75 1805.819946 1826.369995 1892.589966 1940.089966 1927.26001 1919.25 1970.430054 2048.52002 2075.01001 2093.219971 2110.47998 2152.25 2175.73999 2120.969971 2061.919922 2037.26001 2045.910034 2053.370117 2061.590088 2075.469971 2083.379883 2067.530029 2027.599976 2045.540039 2111.580078 2164 2192.459961 2232.159912 2183.560059 2139.159912 2108.620117 2076.780029 2077.800049
2271.659912 2221.969971 2176.100098 2134.02002 2091.639893 2055.800049 2001.969971 1946.300049 1872.420044 1795.420044 1732.719971 1678.180054 1619.219971 1587.390015 1541.869995 1472.199951 1423.060059 1392.849976 1381.640015 1397.97998 1432.910034 1472.810059 1517.75 1567.619995 1628.01001 1666.939941 1705.579956 1732.329956 1742.930054 1774.920044 1830.359985 1844.130005 1847.290039 1857.310059 1921.910034 1957.359985 1988.790039 2002.380005 1991.280029 2006.869995 2055.840088 2071.590088 2024.48999 1962.47998 1964.48999 1978.329956 1990.219971 1993.319946 1986.51001 1992.400024 1974.810059 1990.47998 2048.689941 2073.959961 2127.590088 2177.709961 2155.780029 2089.75 2050.23999 2014.640015 2007.089966
2348.51001 2272.51001 2210.77002 2154.219971 2085.719971 2024.849976 1972.030029 1921.829956 1845.630005 1781.51001 1740.640015 1706.949951 1680.199951 1648.800049 1592.209961 1518.75 1450.880005 1398.609985 1383.439941 1373.839966 1395.069946 1418.859985 1452.27002 1496.420044 1550.75 1587.119995 1629.449951 1649 1673.390015 1727.449951 1744.5 1749.949951 1764.310059 1811.310059 1853.22998 1877.25 1911.839966 1909.800049 1890.160034 1901.02002 1954.089966 1959.959961 1947.800049 1904.930054 1885.51001 1890.430054 1909.420044 1923.310059 1903.550049 1906.819946 1899.040039 1932.300049 1970.430054 2010.51001 2052.23999 2085.889893 2126.919922 2074.330078 2015.329956 1958.880005 1933.430054
2272.330078 2205.02002 2157.030029 2108.179932 2056.110107 2009.719971 1965.699951 1916.560059 1857.920044 1793.640015 1772.459961 1750.199951 1719.550049 1669.329956 1619.800049 1560.369995 1476.400024 1408.630005 1381.290039 1364.290039 1369.170044 1385.22998 1401.589966 1434.900024 1479.540039 1530.310059 1567.959961 1578.050049 1612.790039 1640.550049 1646.810059 1678.449951 1725.98999 1749.130005 1785.310059 1795 1825.560059 1827.569946 1814.130005 1847.780029 1894.51001 1858.040039 1845.290039 1846.359985 1810.310059 1800.300049 1836.25 1862.410034 1838.410034 1825.829956 1822.790039 1855.290039 1897.099976 1951.890015 1970.400024 2008.400024 2049.969971 2047.969971 2003.22998 1945.579956 1873.609985
2242.540039 2187.409912 2144.929932 2103.320068 2055.689941 2010.290039 1957.819946 1922.449951 1870.449951 1834.089966 1821.939941 1799.949951 1749.540039 1678.22998 1624.01001 1561.630005 1481.079956 1423.02002 1389.209961 1363.880005 1349.51001 1357.329956 1360.170044 1389.98999 1429.310059 1477.109985 1513.439941 1522.839966 1544.359985 1560.839966 1577.920044 1626.900024 1658.819946 1694.839966 1722.599976 1727.180054 1744.25 1753.619995 1754.150024 1794.130005 1809.099976 1762.180054 1739.079956 1758.310059 1753.040039 1722.939941 1770.48999 1810.780029 1776.540039 1740.349976 1736.410034 1782.800049 1842.150024 1871.319946 1874.839966 1912.619995 1947.800049 1969.209961 1953.790039 1922.959961 1861.310059
2240.709961 2197.26001 2156.909912 2111.97998 2065.899902 2024.430054 1990.780029 1957.22998 1927.319946 1903.359985 1879.780029 1850.060059 1803.400024 1714.420044 1644.969971 1564.790039 1496.060059 1439.619995 1402.400024 1360.959961 1327.060059 1317.869995 1328.959961 1347.060059 1379.050049 1423.109985 1460.02002 1473.040039 1491.97998 1508.359985 1526.209961 1563.73999 1597.069946 1628.589966 1650.430054 1660.920044 1671.02002 1675.410034 1690.300049 1703.550049 1711.119995 1683.219971 1665.859985 1675.189941 1666.51001 1651.310059 1693.780029 1727.410034 1709.47998 1679.22998 1651.890015 1723.949951 1801.709961 1810.609985 1776.569946 1790.680054 1851.01001 1876.400024 1871.449951 1846.5 1799.530029
2241.909912 2210.709961 2177.629883 2138.949951 2099.51001 2071.149902 2035.339966 1999.530029 1971.920044 1940.97998 1918.199951 1892.089966 1854.030029 1779.040039 1688.880005 1594.800049 1516.410034 1461.430054 1414.640015 1363.109985 1321.849976 1289.969971 1293.76001 1311.640015 1331.420044 1370.819946 1406.050049 1422.099976 1440.609985 1460.699951 1488.72998 1518.069946 1538.859985 1563.109985 1580.310059 1586.97998 1597.27002 1598.670044 1604.839966 1612.630005 1607.640015 1600.25 1577.900024 1590.859985 1558.680054 1563.219971 1615.829956 1612.72998 1587.589966 1582.199951 1606.290039 1695.930054 1728.290039 1743.160034 1706.619995 1729.170044 1782.869995 1783.619995 1773.420044 1741.959961 1710.619995
2262.550049 2234.76001 2205.870117 2177.51001 2150.879883 2110.909912 2073.72998 2037.910034 2003.949951 1975.099976 1966.300049 1925.170044 1853.930054 1776.300049 1715.47998 1635.060059 1558.849976 1499.569946 1436.72998 1372.709961 1320.52002 1289.619995 1281.079956 1285.209961 1302.400024 1327.150024 1351.640015 1373.140015 1399.369995 1422.01001 1450.469971 1474.790039 1488.849976 1507.209961 1517.780029 1522.22998 1522.089966 1513.839966 1506.630005 1503.369995 1502.089966 1497.719971 1471.650024 1482.569946 1474.540039 1486.390015 1519.300049 1521.150024 1498.319946 1510.140015 1588.920044 1603.579956 1618.97998 1651.390015 1641.660034 1643.319946 1687.01001 1687.089966 1672.599976 1647.829956 1615.72998
2291.419922 2261.179932 2231.060059 2199.709961 2176.120117 2143.209961 2097.189941 2067.73999 2043.829956 2049.02002 2014.670044 1959.380005 1903.550049 1836.390015 1753.859985 1683.689941 1603.359985 1544.819946 1486.47998 1415.040039 1351.969971 1309.369995 1281 1275.619995 1285.969971 1302.75 1321.660034 1342.180054 1360.109985 1379.140015 1398.630005 1428.300049 1442.189941 1447.469971 1454.699951 1444.98999 1437.75 1424.890015 1419.73999 1406.849976 1402.920044 1389.099976 1356.939941 1345.550049 1351.079956 1338.449951 1383.329956 1388.400024 1388.400024 1435.73999 1479.420044 1505.73999 1521.579956 1545.880005 1553.76001 1558.959961 1594.050049 1592.060059 1576.359985 1555.410034 1528.920044
2332.429932 2294.459961 2260.219971 2232.219971 2209.27002 2174.47998 2125.360107 2088.080078 2076.48999 2066.780029 2046.099976 2004.579956 1939.550049 1857.800049 1799.26001 1718.880005 1638.310059 1585.670044 1541.959961 1485.930054 1412.560059 1351.349976 1299.160034 1272.780029 1276.579956 1284.089966 1292.060059 1303.040039 1316.849976 1330.390015 1339.719971 1368.27002 1388.420044 1391.089966 1386.160034 1355.97998 1345.319946 1327.079956 1322.189941 1305.609985 1275.48999 1255.680054 1252.199951 1253.199951 1251.959961 1244.800049 1264.189941 1271.160034 1290.380005 1311.410034 1361.680054 1409.709961 1426.939941 1445.630005 1464.829956 1481.219971 1511.02002 1513.47998 1498 1469.619995 1437.910034
2367.129883 2330.120117 2293.610107 2260.27002 2236.709961 2211.560059 2172.209961 2139.199951 2124.449951 2091.080078 2057.080078 2028.079956 1988.219971 1923.099976 1844.709961 1769.630005 1694.73999 1632.25 1590.27002 1552.140015 1476.849976 1396.51001 1338.430054 1293.550049 1271.23999 1269.02002 1267.540039 1264.72998 1275.150024 1281.530029 1286.709961 1293.819946 1301.780029 1305.140015 1290.800049 1236.339966 1217.459961 1219.780029 1222.430054 1208.119995 1197.47998 1177.02002 1176.630005 1181.25 1179.130005 1188.859985 1187.280029 1198.430054 1218.339966 1223.790039 1253.540039 1308.709961 1331.589966 1345.01001 1379.109985 1402.189941 1423.109985 1425.420044 1412.72998 1384.910034 1349.920044
